% Matlab m-File exported from HFSS14.0.0 
% Note: In three-dimensional arrays, like S(i,j,k), the first index corresponds to the frequency.
%       So, S(N,j,k) is an S(j,k) matrix for frequency N.

f = zeros(81,1);
Gamma = zeros(81,4);
Zo = zeros(81,4);

f = [100000000 105000000 110000000 115000000 120000000 125000000 130000000 135000000 140000000 145000000 150000000 155000000 160000000 165000000 170000000 175000000 180000000 185000000 190000000 195000000 200000000 205000000 210000000 215000000 220000000 225000000 230000000 235000000 240000000 245000000 250000000 255000000 260000000 265000000 270000000 275000000 280000000 285000000 290000000 295000000 300000000 305000000 310000000 315000000 320000000 325000000 330000000 335000000 340000000 345000000 350000000 355000000 360000000 365000000 370000000 375000000 380000000 385000000 390000000 395000000 400000000 405000000 410000000 415000000 420000000 425000000 430000000 435000000 440000000 445000000 450000000 455000000 460000000 465000000 470000000 475000000 480000000 485000000 490000000 495000000 500000000 ];
Gamma(1,:) = [ 
   1.060016E-003 +    2.828085E+000i,    2.073904E-007 +    2.096048E+000i,    1.061461E-003 +    2.829010E+000i,    2.208724E-007 +    2.096062E+000i ];
Gamma(2,:) = [ 
   1.111782E-003 +    2.970077E+000i,    2.178518E-007 +    2.200851E+000i,    1.113298E-003 +    2.971048E+000i,    2.320167E-007 +    2.200866E+000i ];
Gamma(3,:) = [ 
   1.164610E-003 +    3.112156E+000i,    2.283322E-007 +    2.305653E+000i,    1.166198E-003 +    3.113173E+000i,    2.431802E-007 +    2.305669E+000i ];
Gamma(4,:) = [ 
   1.218386E-003 +    3.254326E+000i,    2.388281E-007 +    2.410455E+000i,    1.220044E-003 +    3.255388E+000i,    2.543593E-007 +    2.410472E+000i ];
Gamma(5,:) = [ 
   1.273003E-003 +    3.396590E+000i,    2.493374E-007 +    2.515258E+000i,    1.274733E-003 +    3.397698E+000i,    2.655520E-007 +    2.515275E+000i ];
Gamma(6,:) = [ 
   1.328366E-003 +    3.538951E+000i,    2.598592E-007 +    2.620060E+000i,    1.330167E-003 +    3.540104E+000i,    2.767576E-007 +    2.620078E+000i ];
Gamma(7,:) = [ 
   1.384387E-003 +    3.681412E+000i,    2.703934E-007 +    2.724863E+000i,    1.386259E-003 +    3.682611E+000i,    2.879760E-007 +    2.724881E+000i ];
Gamma(8,:) = [ 
   1.440990E-003 +    3.823978E+000i,    2.809404E-007 +    2.829665E+000i,    1.442933E-003 +    3.825222E+000i,    2.992078E-007 +    2.829685E+000i ];
Gamma(9,:) = [ 
   1.498106E-003 +    3.966650E+000i,    2.915011E-007 +    2.934468E+000i,    1.500119E-003 +    3.967940E+000i,    3.104538E-007 +    2.934488E+000i ];
Gamma(10,:) = [ 
   1.555677E-003 +    4.109432E+000i,    3.020763E-007 +    3.039270E+000i,    1.557760E-003 +    4.110767E+000i,    3.217153E-007 +    3.039291E+000i ];
Gamma(11,:) = [ 
   1.613652E-003 +    4.252326E+000i,    3.126671E-007 +    3.144073E+000i,    1.615805E-003 +    4.253706E+000i,    3.329934E-007 +    3.144094E+000i ];
Gamma(12,:) = [ 
   1.671989E-003 +    4.395336E+000i,    3.232747E-007 +    3.248875E+000i,    1.674211E-003 +    4.396761E+000i,    3.442892E-007 +    3.248897E+000i ];
Gamma(13,:) = [ 
   1.730654E-003 +    4.538464E+000i,    3.339001E-007 +    3.353678E+000i,    1.732944E-003 +    4.539934E+000i,    3.556040E-007 +    3.353701E+000i ];
Gamma(14,:) = [ 
   1.789619E-003 +    4.681713E+000i,    3.445444E-007 +    3.458480E+000i,    1.791977E-003 +    4.683228E+000i,    3.669388E-007 +    3.458504E+000i ];
Gamma(15,:) = [ 
   1.848863E-003 +    4.825085E+000i,    3.552084E-007 +    3.563283E+000i,    1.851289E-003 +    4.826644E+000i,    3.782947E-007 +    3.563307E+000i ];
Gamma(16,:) = [ 
   1.908371E-003 +    4.968582E+000i,    3.658931E-007 +    3.668085E+000i,    1.910864E-003 +    4.970185E+000i,    3.896726E-007 +    3.668110E+000i ];
Gamma(17,:) = [ 
   1.968133E-003 +    5.112207E+000i,    3.765994E-007 +    3.772888E+000i,    1.970693E-003 +    5.113854E+000i,    4.010735E-007 +    3.772914E+000i ];
Gamma(18,:) = [ 
   2.028143E-003 +    5.255961E+000i,    3.873280E-007 +    3.877691E+000i,    2.030770E-003 +    5.257653E+000i,    4.124982E-007 +    3.877717E+000i ];
Gamma(19,:) = [ 
   2.088400E-003 +    5.399847E+000i,    3.980797E-007 +    3.982493E+000i,    2.091092E-003 +    5.401583E+000i,    4.239474E-007 +    3.982520E+000i ];
Gamma(20,:) = [ 
   2.148904E-003 +    5.543866E+000i,    4.088551E-007 +    4.087296E+000i,    2.151662E-003 +    5.545646E+000i,    4.354219E-007 +    4.087324E+000i ];
Gamma(21,:) = [ 
   2.209660E-003 +    5.688021E+000i,    4.196549E-007 +    4.192098E+000i,    2.212483E-003 +    5.689844E+000i,    4.469224E-007 +    4.192127E+000i ];
Gamma(22,:) = [ 
   2.270673E-003 +    5.832312E+000i,    4.304797E-007 +    4.296901E+000i,    2.273560E-003 +    5.834179E+000i,    4.584495E-007 +    4.296930E+000i ];
Gamma(23,:) = [ 
   2.331950E-003 +    5.976742E+000i,    4.413302E-007 +    4.401703E+000i,    2.334902E-003 +    5.978652E+000i,    4.700039E-007 +    4.401734E+000i ];
Gamma(24,:) = [ 
   2.393500E-003 +    6.121311E+000i,    4.522069E-007 +    4.506506E+000i,    2.396515E-003 +    6.123265E+000i,    4.815862E-007 +    4.506537E+000i ];
Gamma(25,:) = [ 
   2.455331E-003 +    6.266021E+000i,    4.631105E-007 +    4.611309E+000i,    2.458409E-003 +    6.268018E+000i,    4.931970E-007 +    4.611340E+000i ];
Gamma(26,:) = [ 
   2.517451E-003 +    6.410873E+000i,    4.740416E-007 +    4.716111E+000i,    2.520592E-003 +    6.412912E+000i,    5.048370E-007 +    4.716144E+000i ];
Gamma(27,:) = [ 
   2.579869E-003 +    6.555868E+000i,    4.850007E-007 +    4.820914E+000i,    2.583071E-003 +    6.557950E+000i,    5.165068E-007 +    4.820947E+000i ];
Gamma(28,:) = [ 
   2.642591E-003 +    6.701007E+000i,    4.959885E-007 +    4.925717E+000i,    2.645855E-003 +    6.703131E+000i,    5.282070E-007 +    4.925750E+000i ];
Gamma(29,:) = [ 
   2.705626E-003 +    6.846290E+000i,    5.070056E-007 +    5.030519E+000i,    2.708950E-003 +    6.848457E+000i,    5.399384E-007 +    5.030554E+000i ];
Gamma(30,:) = [ 
   2.768978E-003 +    6.991719E+000i,    5.180527E-007 +    5.135322E+000i,    2.772362E-003 +    6.993927E+000i,    5.517017E-007 +    5.135357E+000i ];
Gamma(31,:) = [ 
   2.832651E-003 +    7.137293E+000i,    5.291304E-007 +    5.240125E+000i,    2.836094E-003 +    7.139543E+000i,    5.634975E-007 +    5.240161E+000i ];
Gamma(32,:) = [ 
   2.896648E-003 +    7.283014E+000i,    5.402395E-007 +    5.344927E+000i,    2.900150E-003 +    7.285305E+000i,    5.753265E-007 +    5.344964E+000i ];
Gamma(33,:) = [ 
   2.960972E-003 +    7.428881E+000i,    5.513806E-007 +    5.449730E+000i,    2.964531E-003 +    7.431213E+000i,    5.871895E-007 +    5.449768E+000i ];
Gamma(34,:) = [ 
   3.025620E-003 +    7.574894E+000i,    5.625544E-007 +    5.554533E+000i,    3.029237E-003 +    7.577267E+000i,    5.990873E-007 +    5.554571E+000i ];
Gamma(35,:) = [ 
   3.090593E-003 +    7.721055E+000i,    5.737618E-007 +    5.659336E+000i,    3.094266E-003 +    7.723468E+000i,    6.110206E-007 +    5.659375E+000i ];
Gamma(36,:) = [ 
   3.155887E-003 +    7.867362E+000i,    5.850033E-007 +    5.764138E+000i,    3.159615E-003 +    7.869816E+000i,    6.229903E-007 +    5.764178E+000i ];
Gamma(37,:) = [ 
   3.221497E-003 +    8.013815E+000i,    5.962799E-007 +    5.868941E+000i,    3.225280E-003 +    8.016309E+000i,    6.349971E-007 +    5.868982E+000i ];
Gamma(38,:) = [ 
   3.287419E-003 +    8.160415E+000i,    6.075922E-007 +    5.973744E+000i,    3.291255E-003 +    8.162949E+000i,    6.470418E-007 +    5.973785E+000i ];
Gamma(39,:) = [ 
   3.353643E-003 +    8.307161E+000i,    6.189411E-007 +    6.078547E+000i,    3.357533E-003 +    8.309735E+000i,    6.591254E-007 +    6.078589E+000i ];
Gamma(40,:) = [ 
   3.420164E-003 +    8.454053E+000i,    6.303273E-007 +    6.183350E+000i,    3.424106E-003 +    8.456666E+000i,    6.712487E-007 +    6.183392E+000i ];
